--------[ 2017-12-02 00:00:00 -0500 ]
FbusLrb.BPMB.offsets = 0.000608 -0.001116

--------[ 2017-12-01 00:00:00 -0500 ]
FbusLrb.BPMB.rotmatrix =-0.60759 0.736121 0.712974 0.704207
FbusLrb.BPMB.offsets = 0.000721901 -0.00126445

--------[ 2017-03-01 00:00:00 -0500 ]

FbusLrb.BPMB.detmap =
      3    21     7    10     1  1881
FbusLrb.BPMB.position = 0.0 0.0   -2.21400e+00
FbusLrb.BPMB.calib_rot = 0.01887
FbusLrb.BPMB.pedestals = 4886  4719  4622  4415
FbusLrb.BPMB.rotmatrix =-0.624004  0.761298 0.659681 0.708074
FbusLrb.BPMB.offsets = 0.000601645 -0.000985787

--------[ 2015-03-01 00:00:00 -0500 ]
FbusLrb.BPMB.detmap =
      3    21     7    10     1  1881
FbusLrb.BPMB.position = 0.0 0.0   -2.21400e+00
FbusLrb.BPMB.calib_rot = 0.01887
FbusLrb.BPMB.pedestals = 4886  4719  4622  4415
FbusLrb.BPMB.rotmatrix =-0.624004  0.761298 0.659681 0.708074
FbusLrb.BPMB.offsets = 0.000601645 -0.000985787







