--------[ 2017-10-01 00:00:00 -0500 ]

FbusR.cer.detmap =
    1  20  32  41   1 1881
    2  11  32  41   1 1877
FbusR.cer.npmt = 10
FbusR.cer.position = -0.08  -0.008  1.8
FbusR.cer.size = 1.22  0.302  1.37
FbusR.cer.tdc.offsets = 0  0  0  0  0  0  0  0  0  0
FbusR.cer.adc.pedestals = 438.72      382.414      349.704      486.675      553.549      552.056       557.68       484.22      232.333      469.194   
FbusR.cer.adc.gains = 1.13299     0.917253      1.03995      1.06026      1.09812     0.999157      1.05071      1.03604      1.09489      1.00217   
FbusR.cer.adc.pedestals = 438.72      382.414      349.704      486.675      553.549      552.056       557.68       484.22      232.333      469.194   
FbusR.cer.adc.gains = 1.13299     0.917253      1.03995      1.06026      1.09812     0.999157      1.05071      1.03604      1.09489      1.00217   

--------[ 2017-03-01 00:00:00 -0500 ]

FbusR.cer.detmap =
    1  20  32  41   1 1881
    2  11  32  41   1 1877
FbusR.cer.npmt = 10
FbusR.cer.position = -0.08  -0.008  1.8
FbusR.cer.size = 1.22  0.302  1.37
FbusR.cer.tdc.offsets = 0  0  0  0  0  0  0  0  0  0
FbusR.cer.adc.pedestals = 440.8  384.8  351.4  488.1  555.1  553.5  560  486.2  233.2  471.3
FbusR.cer.adc.gains = 0.926  0.919  1.139  1.002  0.95  0.997  0.989  1.014  1.05  0.983
FbusR.cer.adc.pedestals = 440.8  384.8  351.4  488.1  555.1  553.5  560  486.2  233.2  471.3
FbusR.cer.adc.gains = 0.926  0.919  1.139  1.002  0.95  0.997  0.989  1.014  1.05  0.983
