--------[ 2017-03-01 00:00:00 -0500 ]

FbusLrb.Raster.detmap =
      3    21    14    14     1  1881
      3    21    13    13     1  1881
      3    21    15    16     1  1881
FbusLrb.Raster.zpos = -7.345  -2.214  0
FbusLrb.Raster.freqs = 18.3  18.3
FbusLrb.Raster.slope_peds = 1633  1643
FbusLrb.Raster.raw2posA = -1.12724e-02  3.34653e-02  1.75520e-06  -4.98827e-06  0.00000e+00  0.00000e+00
FbusLrb.Raster.raw2posB = -1.37866e-02  2.51516e-02  2.11031e-06  -3.88102e-06  0.00000e+00  0.00000e+00
FbusLrb.Raster.raw2posT = -1.51111e-02  2.21342e-02  2.30064e-06  -3.49490e-06  0.00000e+00  0.00000e+00

--------[ 2018-01-14 00:00:00 -0500 ]
FbusLrb.Raster.raw2posA = -0.0072636 0.00554169 1.70649e-06 -1.12319e-06 0.0 0.0
FbusLrb.Raster.raw2posB = -0.0102397 0.00500265 1.91096e-06 -9.5153e-07 0.0 0.0
FbusLrb.Raster.raw2posT = -0.013914 0.00651019 2.52243e-06 -1.27687e-06 0.0 0.0
