--------[ 2017-03-01 00:00:00 -0500 ]

FbusLrb.Raster2.detmap =
      3    21    12    12     1  1881
      3    21    11    11     1  1881
      3    21    17    18     1  1881
FbusLrb.Raster2.zpos = -7.345  -2.214  0
FbusLrb.Raster2.freqs = 18.3  18.3
FbusLrb.Raster2.slope_peds = 1633  1643
FbusLrb.Raster2.raw2posA = -0.00188229 -0.00433176 2.90304e-07 1.05392e-06 0. 0.
FbusLrb.Raster2.raw2posB = -0.0019523 -0.0045559 3.51153e-07 8.12287e-07 0. 0.
FbusLrb.Raster2.raw2posT = -0.00196878 -0.00698268 4.06196e-07 1.48163e-06 0. 0.

--------[ 2018-01-14 00:00:00 -0500 ]
FbusLrb.Raster2.raw2posA = -0.0072636 0.00554169 1.70649e-06 -1.12319e-06 0.0 0.0
FbusLrb.Raster2.raw2posB = -0.0102397 0.00500265 1.91096e-06 -9.5153e-07 0.0 0.0
FbusLrb.Raster2.raw2posT = -0.013914 0.00651019 2.52243e-06 -1.27687e-06 0.0 0.0
