--------[ 2018-01-11 17:25:00 -0500 ]

FbusL.cer.adc.pedestals =  485.946      444.044      477.651      463.458       584.51      558.209       580.38       512.64      520.039      491.826   
FbusL.cer.adc.gains =  1.20626      1.08709      1.05349      1.06342     0.955829     0.869942      1.14216      1.01167       1.1619      1.17385   

--------[ 2017-03-01 00:00:00 -0500 ]

FbusL.cer.detmap =
      3    19     0     9     1 1881
      4    11    32    41     1 1877
FbusL.cer.npmt = 10
FbusL.cer.position = -0.14  -0.005  1.81
FbusL.cer.size = 1.22  0.302  1.28
FbusL.cer.tdc.offsets = 0  0  0  0  0  0  0  0  0  0
FbusL.cer.adc.pedestals = 487.151  447.611  479.374  467.287  583.275  558.713  581.312  513.208  518.945  490.882   
FbusL.cer.adc.gains = 0.970452  1.03102  0.997946  0.989927  0.936994  0.848014  1.11504  0.958715  1.11779  1.15517  
FbusL.cer.adc.pedestals = 487.151  447.611  479.374  467.287  583.275  558.713  581.312  513.208  518.945  490.882   
FbusL.cer.adc.gains = 0.970452  1.03102  0.997946  0.989927  0.936994  0.848014  1.11504  0.958715  1.11779  1.15517  
