--------[ 2015-03-01 00:00:00 -0500 ]

FbusRrb.BPMA.detmap =
      1    22     0     3     1  1881
FbusRrb.BPMA.position = 0.0 0.0  -7.345
FbusRrb.BPMA.calib_rot = 0.01887
FbusRrb.BPMA.pedestals = 4137  4107  4230  4324 
FbusRrb.BPMA.rotmatrix = -0.776076  0.728423  0.795095  0.719106
FbusRrb.BPMA.offsets = 0.00108179 0.0017538

--------[ 2017-03-01 00:00:00 -0500 ]

FbusRrb.BPMA.detmap =
      1    22     0     3     1  1881
FbusRrb.BPMA.position = 0.0 0.0  -7.345
FbusRrb.BPMA.calib_rot = 0.01887
FbusRrb.BPMA.pedestals = 4137  4107  4230  4324 
FbusRrb.BPMA.rotmatrix = -0.776076  0.728423  0.795095  0.719106
FbusRrb.BPMA.offsets = 0.00108179 0.0017538

--------[ 2017-12-01 00:00:00 -0500 ]
FbusRrb.BPMA.rotmatrix = -0.812928 0.798982 0.911982 0.795201
FbusRrb.BPMA.offsets = 0.00206729 -0.000194635

--------[ 2017-12-02 00:00:00 -0500 ]
FbusRrb.BPMA.offsets = 0.000417 -0.000694635
