--------[ 2015-03-01 00:00:00 -0500 ]

Lrb.BPMA.detmap =
      31   9     4     7     1  250
Lrb.BPMA.position = 0.0 0.0  -7.34500e+00
Lrb.BPMA.calib_rot = 0.01887
Lrb.BPMA.pedestals = 64117  65152  65122  65745
Lrb.BPMA.rotmatrix = -0.750796  0.723848 0.77656  0.72107
Lrb.BPMA.offsets =  0.00143766 -6.81262e-06

--------[ 2017-03-01 00:00:00 -0500 ]

Lrb.BPMA.detmap =
      31   9     4     7     1  250
Lrb.BPMA.position = 0.0 0.0  -7.34500e+00
Lrb.BPMA.calib_rot = 0.01887
Lrb.BPMA.pedestals =  16044  16905  16507  17290 
Lrb.BPMA.rotmatrix = -0.750796  0.723848 0.77656  0.72107
Lrb.BPMA.offsets =  0.00143766 -6.81262e-06


--------[ 2017-12-01 00:00:00 -0500 ]
Lrb.BPMA.rotmatrix = -0.77287 0.777118 0.86131 0.772947 
Lrb.BPMA.offsets =0.00236547 -0.000440653

--------[ 2017-12-02 00:00:00 -0500 ]
Lrb.BPMA.offsets =0.00065 -0.00100
