--------[ 2017-12-01 00:00:00 -0500 ] 
LeftBCM.u1.offset = 0.8732
LeftBCM.u1.gain = 0.0003673
LeftBCM.d3.offset = 0.2429
LeftBCM.d3.gain = 0.0001073
LeftBCM.d10.offset= 0.2455
LeftBCM.d10.gain = 0.0003667
LeftBCM.dnew.offset = 0.1612
LeftBCM.dnew.gain = 0.0003267
LeftBCM.unew.offset = 0.187
LeftBCM.unew.gain = 0.0003961



