--------[ 2017-03-01 00:00:00 -0500 ]

Lrb.Raster.detmap =
      31   9     1     1      1  250
      31   9     0     0      1  250
      3    21    15    16     1  1881
Lrb.Raster.zpos = -7.345  -2.214  0
Lrb.Raster.freqs = 18.3  18.3
Lrb.Raster.slope_peds = 1633  1643
Lrb.Raster.raw2posA = -1.12724e-02  3.34653e-02  1.75520e-06  -4.98827e-06  0.00000e+00  0.00000e+00
Lrb.Raster.raw2posB = -1.37866e-02  2.51516e-02  2.11031e-06  -3.88102e-06  0.00000e+00  0.00000e+00
Lrb.Raster.raw2posT = -1.51111e-02  2.21342e-02  2.30064e-06  -3.49490e-06  0.00000e+00  0.00000e+00

--------[ 2018-01-14 00:00:00 -0500 ]
Lrb.Raster.raw2posA = -0.00288692 0.00345955 2.11805e-08 -4.58603e-08 0.0 0.0
Lrb.Raster.raw2posB = -0.00524917 0.00187725 2.93975e-08 -2.56553e-08 0.0 0.0
Lrb.Raster.raw2posT = -0.00632485 0.00124692 3.37277e-08 -1.76575e-08 0.0 0.0
