--------[ 2018-01-11 17:25:00 -0500 ]

L.cer.detmap =
      31   8     2     11     1
      4    11    32    41     1
L.cer.npmt = 10
L.cer.position = -0.14  -0.005  1.81
L.cer.size = 2.44  0.604  1.28
L.cer.tdc.offsets = 0  0  0  0  0  0  0  0  0  0
L.cer.adc.pedestals = 5803.34      5773.02      6394.59      3807.31      6250.09      4073.15      5597.01      3692.05      6012.36      4907.06   
L.cer.adc.gains =   1.03982     0.962941     0.988308     0.940414     0.871763     0.790013      1.09548     0.929058      1.00653      1.05159
L.cer.NPED = 15
L.cer.Win = 55


--------[ 2017-03-01 00:00:00 -0500 ]

L.cer.detmap =
      31   8     2     11     1
      4    11    32    41     1
L.cer.npmt = 10
L.cer.position = -0.14  -0.005  1.81
L.cer.size = 2.44  0.604  1.28
L.cer.tdc.offsets = 0  0  0  0  0  0  0  0  0  0
L.cer.adc.pedestals = 5339.08       5305.3      5833.35      3526.45      5748.42      3758.99      5151.44      3441.79      5513.06      4482.66   
L.cer.adc.gains =  0.911543     0.968746     0.957099     0.898787     0.895641     0.719946      1.06051     0.897027      1.02348      1.06743   
L.cer.NPED = 15
L.cer.Win = 50
