--------[ 2017-03-01 00:00:00 -0500 ]

Lrb.BPMB.detmap =
      31    9     8    11     1  250
Lrb.BPMB.position = 0.0 0.0   -2.21400e+00
Lrb.BPMB.calib_rot = 0.01887
Lrb.BPMB.pedestals = 20549  19706  16716  15456
Lrb.BPMB.rotmatrix =-0.624004  0.761298 0.659681 0.708074
Lrb.BPMB.offsets = 0.000601645 -0.000985787

--------[ 2017-12-01 00:00:00 -0500 ]
Lrb.BPMB.rotmatrix = -0.585444 0.71668 0.694959 0.694204
Lrb.BPMB.offsets =  0.00113866 -0.000309452

--------[ 2017-12-02 00:00:00 -0500 ]
Lrb.BPMB.offsets =  -0.0005 -0.001
