--------[ 2017-03-01 00:00:00 -0500 ]

Rurb.BPMB.detmap =
      1    22     4     7     1  1881
Rurb.BPMB.position = 0.0 0.0  -2.21400e+00
Rurb.BPMB.calib_rot = 0.01887
Rurb.BPMB.pedestals = 3787  3671  3414  3433
Rurb.BPMB.rotmatrix = -0.584147  0.693931  0.644125  0.662207
Rurb.BPMB.offsets = 0.00108179 0.0017238

--------[ 2017-12-01 00:00:00 -0500 ]
Rrb.BPMB.rotmatrix = -0.585054 0.704834 0.685395 0.724702
Rrb.BPMB.offsets = 0.000794863 -3.9719e-05

--------[ 2017-12-02 00:00:00 -0500 ]
Rrb.BPMB.offsets = -0.001155 -3.9719e-05
