--------[ 2017-03-01 00:00:00 -0500 ]

Rurb.BPMA.detmap =
      1    22     0     3     1  1881
Rurb.BPMA.position = 0.0 0.0  -7.345
Rurb.BPMA.calib_rot = 0.01887
Rurb.BPMA.pedestals = 3453  3422  3527  3608
Rurb.BPMA.rotmatrix = -0.776076  0.728423  0.795095  0.719106
Rurb.BPMA.offsets = 0.00108179 0.0017238

--------[ 2017-12-01 00:00:00 -0500 ]
Rurb.BPMA.rotmatrix = -0.779138 0.739707 0.851618 0.852188
Rurb.BPMA.offsets = 0.00227996 -0.000531904

--------[ 2017-12-02 00:00:00 -0500 ]
Rurb.BPMA.offsets = 0.000580 -0.000982
