--------[ 2017-03-01 00:00:00 -0500 ]

R.cer.detmap =
    20  15  2   11   1
    2   11  32  41   1
R.cer.npmt = 10
R.cer.position = -0.08  -0.008  1.8
R.cer.size = 2.44  0.604  1.37
R.cer.tdc.offsets = 0  0  0  0  0  0  0  0  0  0
R.cer.adc.pedestals = 6811.6      6905.52      6651.61       6960.4      6429.37      6497.76       6475.2      7156.41      7076.91      5964.31   
R.cer.adc.gains = 1.02486     0.817117     0.962966     0.947668     0.993513     0.951323     0.940875     0.982178     0.956818      0.96111   
R.cer.NPED = 15
R.cer.Win = 55
