--------[ 2017-12-02 00:00:00 -0500 ]
Rrb.BPMA.offsets = 0.000580 -0.000982

--------[ 2017-12-01 00:00:00 -0500 ]
Rrb.BPMA.rotmatrix = -0.779138 0.739707 0.851618 0.852188
Rrb.BPMA.offsets = 0.00227996 -0.000531904

--------[ 2017-03-01 00:00:00 -0500 ]

Rrb.BPMA.detmap =
      20   16     4     7     1  250
Rrb.BPMA.position = 0.0 0.0  -7.345
Rrb.BPMA.calib_rot = 0.01887
Rrb.BPMA.pedestals = 17565  17557  17053  17237 
Rrb.BPMA.rotmatrix = -0.776076  0.728423  0.795095  0.719106
Rrb.BPMA.offsets = 0.00108179 0.0017538


