--------[ 2017-03-01 00:00:00 -0500 ]

Rrb.BPMB.detmap =
      20   16     8     11    1  250
Rrb.BPMB.position = 3.63459e-04  -8.31714e-04  -2.21400e+00
Rrb.BPMB.calib_rot = 0.01887
Rrb.BPMB.pedestals =  22468  21986  18704  19832 
Rrb.BPMB.rotmatrix = -0.584147  0.693931  0.644125  0.662207
Rrb.BPMB.offsets = 0.00108179 0.0017538

--------[ 2017-12-01 00:00:00 -0500 ]
Rrb.BPMB.rotmatrix = -0.585054 0.704834 0.685395 0.724702
Rrb.BPMB.offsets = 0.000794863 -3.9719e-05

--------[ 2017-12-02 00:00:00 -0500 ]
Rrb.BPMB.offsets = -0.001155 -3.9719e-05
